.Random.seed <-
c(403L, 10L, -1564128477L, 1060678721L, -1168924880L, -975401650L, 
-430862407L, 1179486667L, 613608058L, -561979524L, 469348287L, 
54827157L, 1658029740L, 1761629314L, 504648797L, -2130445481L, 
-1927748034L, -509629832L, 1631074651L, -1830225735L, 2083436808L, 
-1121784906L, -753096463L, -797688029L, 1277536626L, -852436028L, 
724096903L, -1701905059L, 990942036L, -1574860422L, -1880619835L, 
-485771745L, -1574755930L, -804990160L, -873061933L, -532379663L, 
-1903730400L, 1478295486L, -1732145207L, 1531445115L, -1969191606L, 
-1467936340L, -551711569L, 1106843237L, -1382912484L, -1050935182L, 
-1604217107L, -1878910169L, 1173772110L, 353394600L, -1426568277L, 
-1766176567L, -430436136L, 1753107846L, -203611039L, -551000589L, 
-1469766558L, -275488044L, 1376068567L, 1048263117L, -1374753436L, 
-1270265526L, -80146251L, 2074081295L, 1940443414L, 2132224960L, 
1422354307L, 603686305L, -589674096L, -166710674L, -1356405735L, 
-233039701L, 532540570L, 73018460L, 1039579487L, -2143057099L, 
1802079948L, 495320098L, 549568125L, 1133282167L, -495706978L, 
670280536L, -752709957L, -1090064295L, -1036389400L, -994388458L, 
1018313105L, 1406556739L, -891561646L, 1032703460L, -55700441L, 
-147914627L, 2049035636L, 2059084122L, -1807792219L, 1799808959L, 
-2063967162L, -103724336L, 1812460787L, -397487599L, 178168896L, 
2042611742L, 1334490857L, -1852251109L, 826289194L, 1030213452L, 
-385624817L, -614606779L, -970866180L, 101732434L, 1310808525L, 
920447879L, -1482760594L, -2055696824L, -1322932149L, -1374756439L, 
1282202872L, -1306703834L, -2025785023L, -2007492909L, 1223753346L, 
1470686388L, -1486570441L, 745078573L, 411253828L, 272998762L, 
67837397L, -592233617L, 35340918L, 884774304L, 257827427L, -2107833599L, 
1640274544L, 40220174L, 544939641L, 2093697547L, -524909766L, 
-659056068L, -910567041L, -2105183531L, 41247468L, -313314238L, 
-1768346723L, 118620695L, -1252534402L, 1545319736L, -1664769509L, 
344476537L, 2109476296L, 7016950L, 463627313L, 895678051L, 457026098L, 
1229019012L, -1618754105L, 325766301L, 612273172L, 509930170L, 
394029829L, 371470559L, -976615066L, -890995472L, 1723836435L, 
1209335217L, 1331435616L, -1859815938L, 364282249L, 376223419L, 
840430218L, 1224789356L, 1485478639L, 458843429L, -1017457700L, 
-1198415438L, -599424851L, -54587289L, 1904981902L, 464060520L, 
-1187738517L, -173042167L, 1039743128L, 1949606854L, -1006880991L, 
319394739L, 1899387682L, -1382724332L, -136823401L, -1466194547L, 
-1346952028L, -838777206L, -226788107L, 1124819791L, -1613497258L, 
1133707008L, -1791026621L, 368574945L, 1984398672L, -1839506514L, 
-1016555175L, 313304939L, 2136159962L, 28465052L, -817943649L, 
222417397L, 1695065228L, 1691618658L, 790970685L, -405902921L, 
-645329314L, -757250152L, -767662341L, -1363669351L, 40384296L, 
1825836502L, 1503507025L, -1784682237L, 812024978L, 1295751716L, 
1945748711L, -258172611L, 538258868L, 684749338L, 1497848165L, 
-38983681L, 1350803078L, -1808497136L, -1866548045L, 108844881L, 
-272835840L, 1125058128L, 1737214434L, 707757416L, -1405059764L, 
92763388L, 1061055218L, -99253504L, -345706892L, -1380862968L, 
1235388858L, -1047456816L, 1072473580L, -764342380L, -1475862830L, 
178510432L, -1577829044L, -600231648L, -1071296894L, -1844386328L, 
-803535892L, 1519499836L, -165411214L, -279635088L, -1607610076L, 
-1768984008L, -2094761574L, -653701680L, -3535428L, 1727911060L, 
-956843902L, 2098806208L, -434639044L, 1367416976L, -626644190L, 
1083296264L, 2120452364L, 33696156L, 722954770L, 237948800L, 
-782251244L, 1163739432L, 1295730746L, 1079360464L, -166367636L, 
401314356L, -975772014L, -1764180640L, 995543372L, 1222939616L, 
-679378526L, 1893013928L, 441276044L, 1283702204L, -1556213134L, 
1224584176L, -2070724028L, -1159597992L, 551298106L, 1363793008L, 
-181050308L, 1308935444L, 2046282434L, -1066240288L, 864291964L, 
-1084716336L, 1937312162L, 544980008L, -261462260L, 226495932L, 
-859879630L, -755888448L, 713650228L, -1281077560L, -1871591238L, 
-77831536L, 2111618796L, -1956251052L, 1382788754L, 975555872L, 
404080076L, 127020768L, -1698265918L, 781548584L, -832539732L, 
-1803440452L, 110008306L, 1005378096L, 393003940L, 2006388152L, 
-1213051046L, -385015664L, 799870844L, 1014437140L, 1973782850L, 
709711104L, -480468548L, -787921584L, -2146315998L, -102485432L, 
159794188L, -1060760996L, -1939823150L, -190546432L, 692746580L, 
1090088168L, -556001030L, 1599699664L, 1347960620L, -1576975116L, 
647142802L, 2122248544L, -279998452L, 1356703968L, -332835230L, 
-1601564504L, -1161707444L, 1303959420L, -2030359246L, -1353044368L, 
280901444L, 395766744L, 783411066L, -404724688L, 933242812L, 
-1132955052L, -305465278L, -880515424L, 2069041852L, -443478064L, 
-1256648350L, -266802456L, 1644997836L, -600053252L, 1896903154L, 
254646400L, -940671500L, 54176392L, -1065769158L, -901865136L, 
-1643003796L, 1755334036L, 218420306L, 2133815776L, 71241932L, 
309811872L, 1790302594L, -1368077080L, 1401934572L, -1919395524L, 
2145596530L, -2132713872L, 425010724L, 491743288L, 1573696794L, 
-1804332848L, 24304956L, -1286168684L, 538124162L, 976691136L, 
-666401220L, -2073089648L, 535381026L, -2072397560L, -1198492532L, 
-725040356L, 1169488018L, -985077376L, 851655700L, -2128519384L, 
532080186L, 985788880L, -538611348L, 491370420L, -1024238062L, 
-1190607904L, 1899103692L, 590144736L, -765358046L, -1199073496L, 
497808908L, 1531474748L, 1653208050L, -523269392L, -1580160444L, 
651806296L, -1681205446L, 461157360L, -69925188L, 1224992020L, 
1814876354L, 2091826272L, 2097527164L, 402921424L, 514849058L, 
-359125336L, -1500374132L, 1743535292L, 702013234L, -1190174144L, 
191202484L, 562201672L, 551819706L, -1120109040L, 1574832364L, 
-1024370348L, -1774930158L, 559289760L, -1436845364L, 449230432L, 
-1675812926L, -636812504L, 829181356L, -1461792452L, -1481310350L, 
-629440208L, 1965862692L, -407435976L, -1766155558L, -946387056L, 
362533628L, -1913753708L, -1711642558L, -1858118400L, -1316885444L, 
1533037904L, 1046616226L, 1738192712L, 56545410L, -1094661865L, 
1014972385L, 1206884646L, 1636235300L, -1878385963L, -1082251649L, 
1182115608L, -375445962L, -1738770237L, -239102715L, -569647966L, 
-593280368L, 676613689L, 1915580139L, 83898332L, -974999030L, 
1152832767L, -753073847L, 2018439902L, 526770316L, 685455453L, 
-1390070169L, 1779443600L, -1977144402L, 1121882715L, -86290883L, 
2073006250L, 689418568L, 340047217L, 369558243L, 814680548L, 
1903944978L, 1777817831L, 997580465L, -1207843594L, 1454323476L, 
-978747355L, 883152175L, 1616853736L, 2119382982L, -373380493L, 
161938645L, 1986920114L, 662742656L, 1893994089L, -275885349L, 
-421851604L, 1431408186L, 351258863L, 677499769L, -2103320562L, 
315287004L, 1756235341L, 1099318711L, 1275435840L, -1409836514L, 
-2058732309L, 1357513837L, 501347546L, 1965489304L, -266384639L, 
-1756352333L, -522503212L, -30898462L, -906233993L, 1773812417L, 
1138297414L, 767985028L, 1613372213L, -1281087201L, -1973256072L, 
-1770914474L, 279225315L, -1391886939L, -148856766L, -581366224L, 
-1862281639L, 552341451L, -192974788L, 962805354L, 916812959L, 
389985577L, 665764286L, -888962900L, -635202051L, 1501142343L, 
-1010420176L, 441900878L, 542675835L, -1093298979L, -1151798006L, 
1732243496L, -560814959L, 2126229635L, 45375876L, -1286279246L, 
680014087L, -1701764271L, -1220869418L, -2130715724L, 1913086917L, 
-1061768433L, -2067517048L, 575218854L, 1157067859L, 1832482229L, 
-834012398L, -852309792L, -1981670071L, 382590843L, 1755933260L, 
971437018L, 373430735L, -1963667559L, 2077640622L, 1404177596L, 
677979437L, -195946793L, -1062576352L, 205551742L, -1270809013L, 
-1583557555L, -639354246L, -432926024L, 1226066017L, -387155437L, 
-1562595276L, -86462L, 1413179991L, -1030596191L, -1938728346L, 
-1077343644L, -1430373995L, 1545769663L, 237611608L, 1727045238L, 
1709851267L, -887179579L, 1482884066L, 144358992L, -1648039047L, 
737165483L, -525211620L, 1279829834L, -995074241L, -640761463L, 
