.Random.seed <-
c(403L, 10L, 2139867135L, -143737210L, 1460921872L, 354606259L, 
-143657135L, -1034257664L, 1237115358L, -1348523479L, 688024027L, 
185915114L, -1865722740L, -1043866673L, -1041304699L, -1543413700L, 
1117843730L, -405875187L, -839342777L, 1901702958L, -640638328L, 
-303168629L, -994176151L, -956379848L, 1742389222L, -1922304127L, 
603803411L, 1622620354L, -1897507980L, 1696644983L, -1621153683L, 
-1004976380L, -178874838L, -833610859L, -753672145L, 268032310L, 
1028897120L, -78841949L, 130080961L, 1283338416L, -1082884146L, 
1415828281L, -493585589L, -678588166L, -1635079684L, 383683135L, 
1838038805L, -40817620L, 933033218L, -1856381475L, -919585577L, 
1343662014L, 391877112L, 594830811L, -466727879L, -432292472L, 
217979190L, 2119910257L, -64855645L, 1317043442L, -941014972L, 
1599632135L, 1025811165L, 1649224660L, 821488378L, 532000325L, 
-1254107489L, 134450214L, -2114361168L, -1775324845L, 1005735025L, 
1112412576L, -2073612994L, -224302007L, -1176704773L, -1279295286L, 
786855468L, 1927719471L, -589028635L, -1570613348L, 234406386L, 
-227480467L, 1698168231L, 613820366L, 2126472488L, 1561548587L, 
2008571209L, -1771060648L, -2133206266L, -991562015L, 1343971955L, 
-172635422L, 1114158676L, 1819737943L, 1588147021L, -405915932L, 
1470428874L, 1255667509L, 1563164047L, -1073415530L, 609194560L, 
-1581280509L, 1110836001L, -2046303216L, 1173423086L, 1965011865L, 
517016619L, -844875494L, -498811940L, 1660091871L, -298571339L, 
-203626676L, 787930530L, 543706365L, -1334750729L, 1931058974L, 
1560936920L, -2009105605L, -1268855591L, -2132869016L, -1873877610L, 
1947704593L, -1463570749L, 244854482L, -1661487260L, -58381657L, 
-133958659L, 827622900L, -399605030L, -1173097435L, 820558143L, 
177929926L, 1635619664L, -1379832973L, -1052344943L, -1189175360L, 
627325342L, -1477467287L, -1173325925L, -52175190L, 1144748236L, 
1242024335L, -29704763L, 1661067644L, 154087890L, -1423176371L, 
-1341329401L, -368074770L, -207132984L, -2111563317L, -81589207L, 
-422765960L, -296663130L, -2103651903L, 61261395L, 1828932866L, 
-1353892812L, -1197072969L, 381448621L, -1995042108L, 485639914L, 
1561700693L, -1919303953L, -1788085002L, -2087867360L, 654536163L, 
1752600193L, 1497835760L, -417519730L, 94443769L, -1247460725L, 
58245818L, 1218489788L, 486266623L, -541451691L, -668115604L, 
1312249282L, 1616631325L, 909463191L, -1698740226L, -1045769288L, 
-1235005541L, -1532455431L, -1402923704L, -1115692938L, 1428065713L, 
957428707L, -694816590L, -153494268L, 427966023L, 214288669L, 
-718059628L, 7506746L, 1736857477L, -1561197473L, -1407070490L, 
-588057232L, 1683046035L, 1251166001L, -1554727456L, 1337731710L, 
1092368649L, -971482309L, -367004918L, 1290918636L, -1811179665L, 
1233246373L, 2106233436L, 2016272946L, -1028798163L, -653258777L, 
1667938062L, 211101928L, -693863701L, 1345065865L, -2068091112L, 
-1504603578L, -1556147551L, 2077562163L, 940272802L, -2130345068L, 
1242405399L, -1235165683L, 93715236L, -205134070L, 413313653L, 
719870415L, 1894294230L, 1350796928L, 861186114L, 959454464L, 
894528572L, -699232944L, -1072228190L, 1688778568L, 960239372L, 
741853916L, 1872671570L, -1893690752L, -1506150316L, 658246632L, 
-215533830L, 1292912976L, 698434348L, 1180731252L, -179960942L, 
-307726752L, -2055745652L, 1803105120L, -1462843422L, 2051424168L, 
1141382348L, 1367117308L, 1637829554L, -1629132304L, -1916065340L, 
-377609896L, -100047494L, 135074224L, -1290408004L, 2106740820L, 
-1652964414L, -1001413600L, 2085895356L, 417995344L, 1917370338L, 
-1084393880L, -909272500L, -462618372L, -220966926L, 1951776000L, 
-794519692L, -1117077496L, 427099578L, 223247824L, 787309548L, 
1943838612L, -1851565102L, -665331872L, 25937228L, -676844256L, 
-1738062974L, 1933187816L, 1036133612L, -580359620L, -29717646L, 
-1959171472L, -503629788L, -484997320L, 1079422106L, -1240231216L, 
1723293884L, -159754604L, -1015798142L, -1760101184L, -382324420L, 
1074057360L, 1332619810L, -1551530488L, -2133327604L, 1160721052L, 
-1276031470L, 877022592L, 649190932L, -501574104L, -1406114502L, 
317196240L, 238031468L, 626403124L, 372425362L, -486483616L, 
1670213964L, -2070114336L, 57917346L, 1272108968L, -456004724L, 
677553852L, 1124371314L, 1960761584L, 1001650244L, -1327882920L, 
1899123770L, 1441751920L, 30934076L, -1635497196L, 1136339394L, 
805478624L, 1774819196L, 1600462544L, 263653026L, 1007895592L, 
516802828L, -1664420932L, 1226849586L, 1209475008L, -56733132L, 
-957588536L, -829111110L, 1394790288L, 650491372L, -1398505388L, 
-1789821294L, -1501414624L, 62041548L, 2005212128L, -711228734L, 
130439720L, -139682132L, -959991108L, -725528078L, -484685520L, 
-838579036L, 694469304L, -1323455654L, -668447344L, -1743834756L, 
1473842452L, 397175106L, -759430400L, 2020219836L, 644971344L, 
-1102823134L, 780442952L, 1975187468L, 757102684L, -1727617838L, 
815892480L, 85949268L, -762125848L, -1701341190L, -301574448L, 
1408394540L, 665798900L, -1577269358L, 885210208L, -201884404L, 
1988069088L, -836608670L, 1807499944L, -1876534708L, 876984188L, 
183036722L, -1388134800L, -729432764L, 1849490392L, 1811583098L, 
1561290288L, 2125040316L, -1121589420L, -1142269374L, 779398048L, 
-387823428L, -1512431152L, 94012770L, -825453592L, -1253296180L, 
-2074675460L, -292565006L, -1379197824L, 473848052L, -822840184L, 
-1661016774L, 1603126096L, 1271254124L, -1751940972L, 1421089106L, 
1232781024L, -1655787316L, 806320288L, -1562150526L, 1730164968L, 
-2113013524L, -1105086404L, 1956397170L, 858368112L, -1038286300L, 
-1601060296L, 698665498L, 317075664L, 36025916L, -1267348332L, 
-623373182L, 1481557952L, -2037781188L, -263987568L, 1872311330L, 
504696840L, 1837341836L, -1202372580L, -207616878L, 842951808L, 
2017879060L, 130917160L, 557167674L, -1977865008L, 296932460L, 
2067412660L, -590381038L, -467091488L, 167029708L, 172891616L, 
1130171426L, 846124328L, -30476020L, 2079460924L, 446285042L, 
-1008199440L, -1253009596L, -603647912L, -153591238L, -1389770512L, 
-930749764L, -101791212L, 1956318402L, -77998496L, 1655088508L, 
-2066643887L, 739864387L, -1827063228L, -1895548686L, 2119500999L, 
182779537L, -1669038058L, 518892148L, -956699387L, -1469586609L, 
2046684488L, 1530077414L, 1649194515L, 2080811381L, -395203246L, 
1188298144L, 193244297L, -1382769477L, 804212492L, 1714562714L, 
2063481871L, 425621593L, -2096532242L, 932818812L, -768943123L, 
-360749929L, 733114208L, -1489238210L, 240138251L, 693543053L, 
1706514874L, 164124664L, 1112970145L, -1856328365L, -644160396L, 
2124944898L, -1567225705L, -114345375L, 1403613862L, -1306535260L, 
45854549L, 52409343L, 295948952L, -201017418L, -516604861L, 1383937413L, 
-1460146654L, 941282576L, 1119728825L, -835937941L, -1992525732L, 
-534170230L, 1478791551L, 71421129L, -1428049570L, -209100276L, 
1493157341L, -949379865L, 385984784L, -241297362L, -1392468261L, 
-1996703811L, -798273238L, -276851256L, 1301908209L, -1232092061L, 
403382372L, 1302948754L, -671530905L, -1506549711L, 1705603446L, 
432152212L, 197743781L, 1129187759L, -17132952L, -772568506L, 
1907593203L, 1135136597L, -189992654L, 1020515584L, -520493591L, 
-1493659557L, -700423508L, -2108556102L, -1899889041L, 47295481L, 
481489550L, 215376732L, -2103250995L, 1308077879L, -72725056L, 
-2053606754L, -1650693269L, 1859572461L, -737835174L, -795861992L, 
-9254527L, 763584307L, -1976847020L, 891346786L, -254045193L, 
1169677377L, -1691281210L, -1518361084L, -1854967371L, 1658392223L, 
1792171768L, -1253621034L, 2130433891L, 1567207205L, -1724406590L, 
-1099238992L, 362023385L, -1023547573L, -1908019780L, 2002337258L, 
147966495L, 1342005417L, 2101561406L, -1878267604L, 806503293L, 
-244065849L, 698768560L, 284973774L, 1601376251L, -126936995L, 
256876426L, 547934120L, -518216431L, -1020830717L, -47999228L, 
1254578994L, 1251088775L, 1531740113L, -884313770L, 991375156L, 
1898402373L, 205979279L, -1594230776L, -2072867802L, 1720075475L, 
-1923529163L, -48497262L, 823427424L, 2143590601L, 1495088123L, 
